20
15
3
93
34
66
14
85
64
66
22
99
37
24
29
50
70
23
25
61
49
84
50
26
63
4
15
43
32
50
72
18
91
26
63
90
64
63
58
57
87
31
50
58
0
25
53
96
31
55
53
99
60
97
17
88
22
31
88
73
44
86
21
80
27
4
90
22
98
93
15
88
48
59
54
25
35
10
98
90
18
2
75
5
100
78
88
64
4
8
97
47
61
22
33
7
8
75
17
55
74
27
43
100
12
69
19
91
43
42
40
53
99
47
51
46
63
71
82
38
15
23
81
100
63
56
86
83
65
5
50
70
77
62
14
96
88
95
29
58
66
3
71
47
78
74
58
88
58
71
89
63
11
95
20
71
24
76
89
15
100
90
81
62
63
13
58
64
77
21
39
0
66
73
83
53
40
69
59
10
25
93
6
67
61
9
13
19
65
38
91
74
3
54
15
16
35
32
98
71
